ZIP   POP                                        MERGED_ZIP_CODES                                   IS_M       
----- ------------------------------------------ -------------------------------------------------- -----------
43463                                      37020 43463,43551                                                  2
53501                                      18581 53501,53548                                                  2
42037                                       1685 42037,42411                                                  2
43786                                       1172 43786,45745                                                  2
41366                                      10977 41366,41339                                                  2
84515                                         61 84515,84540                                                  2
95974                                        282 95974,95920                                                  2
37851                                        514 37851,40940                                                  2
14168                                       1627 14168,14129                                                  2
49084                                      31850 49084,49022                                                  2
97604                                         28 97604                                                        0
76824                                        594 76824,76832                                                  2
58505                                      28057 58505,58501                                                  2
69171                                       4515 69171,69138                                                  2
17039                                       5308 17039,17073                                                  2
19112                                      12272 19112,19153                                                  2
69353                                       2388 69353,69334                                                  2
12862                                        286 12862,12886                                                  2
12864                                       1202 12864,12842                                                  2
12872                                         90 12872,12858                                                  2
64065                                       1789 64065,64139                                                  2
36859                                       1311 36859,36871                                                  2
36865                                      22094 36865,36832                                                  2
12911                                       4116 12911,12944                                                  2
12933                                       1091 12933,12934                                                  2
21031                                      24359 21031,21030                                                  2
36910                                        691 36910,36922                                                  2
34101                                      10470 34101,34102                                                  2
78851                                         68 78851,78871                                                  2
32830                                      13718 32830,34747                                                  2
36616                                      13236 36616,36610                                                  2
80938                                        621 80938,80927                                                  2
98430                                       4852 98430,98439                                                  2
65784                                        773 65784,65760                                                  2
30275                                      53027 30275,30263                                                  2
20535                                       1630 20535,20004                                                  2
81021                                        102 81021,81045                                                  2
30334                                       5935 30334,30303                                                  2
50839                                       2858 50839,50841                                                  2
18936                                      27874 18936,19454                                                  2
36766                                       1121 36766,36768                                                  2
96061                                        161 96061,96063                                                  2
24570                                       3073 24570,24556                                                  2
24581                                        629 24581,24599                                                  2
30451                                      10910 30451,30439                                                  2
96155                                         45 96155,95721                                                  2
59867                                        118 59867,59842                                                  2
45624                                       5334 45624,45612                                                  2
45642                                       7690 45642,45661                                                  2
38702                                      14569 38702,38703                                                  2
38723                                       3934 38723,38748                                                  2
38749                                       6488 38749,38756                                                  2
56541                                       1073 56541,56585                                                  2
48143                                      20845 48143,48169                                                  2
54643                                      10754 54643,54615                                                  2
26236                                        153 26236,26230                                                  2
79353                                      16982 79353,79336                                                  2
35187                                      14150 35187,35115                                                  2
58452                                        467 58452,58416                                                  2
17739                                         66 17739,17723                                                  2
21627                                        259 21627,21672                                                  2
43967                                       3230 43967,43718                                                  2
86003                                       1825 86003,86035                                                  2
40363                                       2059 40363,41098                                                  2
10103                                      31927 10103,10022                                                  2
43970                                       2239 43970,43903                                                  2
85535                                        429 85535,85536                                                  2
10173                                      16581 10173,10170,10165,10017                                      2
10199                                        101 10199,10119                                                  2
40434                                       8285 40434,40447                                                  2
80862                                        453 80862,80825                                                  2
21916                                      44508 21916,21921                                                  2
77481                                      28566 77481,77583                                                  2
83469                                         65 83469,83671                                                  2
70801                                      27280 70801,70802                                                  2
78150                                      20150 78150,78148                                                  2
95724                                        413 95724,95728                                                  2
98353                                          4 98353                                                        0
76937                                        170 76937,76955                                                  2
92384                                        192 92384,92389                                                  2
76949                                       1672 76949,76945                                                  2
45721                                       2659 45721,45715                                                  2
42370                                       1531 42370,42349                                                  2
83602                                        577 83602,83670                                                  2
45787                                       3282 45787,45786                                                  2
79759                                        311 79759,79741                                                  2
79770                                        208 79770,88263                                                  2
79831                                        527 79831,79842                                                  2
49434                                      44780 49434,49424                                                  2
78335                                          4 78335                                                        0
69157                                         86 69157,69135                                                  2
16728                                       2263 16728,16347                                                  2
79942                                       3695 79942,76943                                                  2
62070                                        684 62070,62045                                                  2
97057                                        265 97057,97001                                                  2
44493                                       2450 44493,44423                                                  2
21705                                      35301 21705,21701                                                  2
28280                                      11205 28280,28202                                                  2
87573                                        259 87573,87731                                                  2
58065                                        472 58065,58064                                                  2
87730                                         95 87730,88422                                                  2
87750                                        265 87750,87753                                                  2
63464                                        349 63464,63460                                                  2
19535                                       4245 19535,19547                                                  2
99903                                       2369 99903,99929                                                  2
38945                                      25332 38945,38930                                                  2
54641                                       2595 54641,54666                                                  2
20701                                       2666 20701,20763                                                  2
74360                                        170 74360,66778                                                  2
84753                                        861 84753,84714                                                  2
65586                                        384 65586,65449                                                  2
24130                                       2190 24130,24085                                                  2
65623                                       3533 65623,65734                                                  2
72377                                       1784 72377,72419                                                  2
57571                                        336 57571,57538                                                  2
57630                                        235 57630,57657                                                  2
74477                                      15000 74477,74467                                                  2
73746                                        208 73746,73731                                                  2
57650                                        145 57650,57755                                                  2
72119                                      22597 72119,72118                                                  2
41062                                       1067 41062,41034                                                  2
83215                                      27047 83215,83221                                                  2
57776                                        666 57776,57720                                                  2
84743                                        225 84743,84740                                                  2
83121                                       3118 83121,83101                                                  2
28672                                        649 28672,28663                                                  2
99583                                         35 99583                                                        0
83337                                         75 83337,83322                                                  2
28733                                       8579 28733,28771                                                  2
35082                                       5200 35082,35072                                                  2
98222                                        273 98222,98286                                                  2
38542                                        582 38542,38543                                                  2
92280                                       1553 92280,92242                                                  2
14893                                       3067 14893,14840                                                  2
83354                                       1353 83354,83353                                                  2
86052                                        416 86052,86036                                                  2
92304                                         82 92304,92332                                                  2
63045                                      10571 63045,63044                                                  2
63047                                      26444 63047,63028                                                  2
99726                                         30 99726                                                        0
99732                                        197 99732,99738                                                  2
92338                                         12 92338                                                        0
91371                                      39500 91371,91367                                                  2
99757                                        136 99757,99756                                                  2
80746                                       1523 80746,80731                                                  2
99767                                         24 99767                                                        0
49819                                        816 49819,49831                                                  2
22845                                        896 22845,22810                                                  2
45618                                       4924 45618,45697                                                  2
82640                                        498 82640,82643                                                  2
27827                                       1963 27827,27829                                                  2
18430                                       2259 18430,18470                                                  2
76573                                       3361 76573,76523,76511                                            2
99790                                        164 99790,99730                                                  2
56210                                       1055 56210,56240                                                  2
58002                                        142 58002,58007                                                  2
39760                                      42131 39760,39759                                                  2
81227                                       8655 81227,81201                                                  2
81633                                        268 81633,81640                                                  2
81232                                       1662 81232,81223                                                  2
81330                                       1519 81330,81334                                                  2
82052                                        158 82052,82059                                                  2
82084                                        867 82084,80545                                                  2
82224                                         97 82224,82229                                                  2
47458                                      41047 47458,47401                                                  2
81653                                        128 81653,82332                                                  2
82335                                        522 82335,82334                                                  2
36267                                       5138 36267,36251                                                  2
59039                                         78 59039,59058                                                  2
81612                                       9941 81612,81611                                                  2
59062                                         91 59062,59025                                                  2
59076                                        689 59076,59038                                                  2
99638                                         18 99638                                                        0
82630                                        103 82630,82638,82646,82648                                      2
82837                                        245 82837,82831                                                  2
82844                                       1108 82844,82836                                                  2
59081                                         86 59081,59020                                                  2
99656                                        111 99656,99668                                                  2
11973                                       4999 11973,11980                                                  2
59240                                         86 59240,59244                                                  2
59312                                        116 59312,59322                                                  2
59333                                        342 59333,59347                                                  2
99695                                          7 99695                                                        0
99704                                        250 99704,99744                                                  2
99706                                       5024 99706,99737                                                  2
30164                                       9466 30164,31064                                                  2
12024                                        220 12024,12115                                                  2
43446                                         25 43446                                                        0
90071                                       7020 90071,90014                                                  2
33122                                      23039 33122,33166                                                  2
78001                                       5020 78001,78014                                                  2
90095                                       9380 90095,90077                                                  2
59461                                        266 59461,59456                                                  2
63370                                       1329 63370,63359                                                  2
13475                                        852 13475,13361                                                  2
89446                                      16150 89446,89445                                                  2
11556                                      26051 11556,11553                                                  2
19732                                       7442 19732,19735,19807                                            2
10910                                        302 10910,10975                                                  2
10911                                       1561 10911,10922                                                  2
13643                                      10920 13643,13619                                                  2
19736                                      16515 19736,19707                                                  2
49320                                       1670 49320,49342                                                  2
98641                                       4385 98641,98640                                                  2
88033                                      24059 88033,88007                                                  2
13692                                        298 13692,13640                                                  2
88114                                        125 88114,88125                                                  2
66118                                        342 66118,64101                                                  2
57358                                       1255 57358,57385                                                  2
55450                                       8962 55450,55425                                                  2
71772                                       4124 71772,71743                                                  2
32399                                      17495 32399,32311                                                  2
93633                                        352 93633,93628                                                  2
93634                                        208 93634,93605                                                  2
15616                                       2324 15616,15639                                                  2
88126                                         74 88126,88115                                                  2
32461                                      13141 32461,32413                                                  2
88262                                       1379 88262,88267                                                  2
93943                                      31621 93943,93940                                                  2
88268                                      33732 88268,88220                                                  2
67150                                         95 67150,73719                                                  2
18105                                      43248 18105,18104                                                  2
59636                                      24297 59636,59602                                                  2
20118                                       2700 20118,20117                                                  2
78951                                       4759 78951,78962                                                  2
14854                                       6790 14854,14886                                                  2
88323                                        203 88323,88338                                                  2
88355                                       8874 88355,88345                                                  2
80471                                       3361 80471,80466                                                  2
98853                                        282 98853,98860                                                  2
88417                                         93 88417,88421,88431                                            2
72037                                       4498 72037,72046                                                  2
77342                                      33701 77342,77320                                                  2
16312                                       2762 16312,16350                                                  2
71316                                       1736 71316,71354                                                  2
22509                                        400 22509,22476                                                  2
72059                                        854 72059,72036                                                  2
79051                                       1726 79051,73933                                                  2
79058                                        558 79058,79018                                                  2
97384                                       2599 97384,97358                                                  2
54765                                       3338 54765,54757                                                  2
36590                                      24644 36590,36582                                                  2
38132                                      26912 38132,38114                                                  2
99136                                        679 99136,99143                                                  2
99154                                         63 99154,99144                                                  2
79105                                          6 79105                                                        0
64192                                      10569 64192,64137                                                  2
54561                                        624 54561,54560                                                  2
56577                                        768 56577,56578                                                  2
38365                                       2576 38365,38326                                                  2
56593                                       4350 56593,56464                                                  2
58713                                        183 58713,58748                                                  2
97819                                         85 97819,97908                                                  2
41760                                        870 41760,41746                                                  2
56658                                        315 56658,56627                                                  2
72636                                       1423 72636,72675                                                  2
56741                                         23 56741                                                        0
69042                                        175 69042,69039                                                  2
50127                                        871 50127,50168                                                  2
